20
TARA_PSW_NCLDV_Bin_158_1_c_000000000032_11        0.0000000 0.6235360 1.1201283 0.9989280 0.9918400 0.9918400 0.9879249 0.9503772 0.9242698 0.9431902 0.9851520 0.9732745 0.9774359 0.9637623 1.0149203 0.9981278 0.9872731 0.9094949 3.1925623 5.6502245 
Yasminevirus_GU_2018_000000000001_1182            0.6235360 0.0000000 0.9076028 0.8000144 0.7805590 0.7805590 0.7719390 0.8145871 0.7736934 0.7816612 0.8661407 0.8279726 0.8357597 0.7931752 0.7986951 0.8081454 0.8576487 0.7859646 3.3698668 5.5213705 
Moniruzzaman_MM15_ERX556043_42_dc_000000000003_9  1.1201283 0.9076028 0.0000000 0.7797390 0.7476868 0.7476868 0.7402939 0.7179289 0.7099322 0.7092669 0.6587441 0.6605228 0.7645923 0.7566708 0.8198120 0.6885932 0.7797974 0.6705532 3.1199550 5.5592132 
Schultz_GVMAG_M_3300025767_21_000000000012_6      0.9989280 0.8000144 0.7797390 0.0000000 0.3227925 0.3227925 0.3180001 0.3338512 0.3067322 0.3065856 0.4829546 0.4743168 0.5370553 0.5035533 0.5161113 0.4738737 0.5409531 0.4447361 3.1913279 4.8393939 
Moniruzzaman_MM01_SRX802077_122_dc_000000000014_2 0.9918400 0.7805590 0.7476868 0.3227925 0.0000000 0.0000010 0.0054413 0.1059406 0.0950697 0.1050421 0.4000140 0.4033417 0.4905163 0.4590288 0.4750207 0.3877499 0.5014280 0.4344934 3.2601870 4.8249558 
Schultz_GVMAG_M_3300025880_30_000000000006_2      0.9918400 0.7805590 0.7476868 0.3227925 0.0000010 0.0000000 0.0054413 0.1059406 0.0950697 0.1050421 0.4000140 0.4033417 0.4905163 0.4590288 0.4750207 0.3877499 0.5014280 0.4344934 3.2601870 4.8249558 
TARA_MED_NCLDV_Bin_121_14_c_000000000043_5        0.9879249 0.7719390 0.7402939 0.3180001 0.0054413 0.0054413 0.0000000 0.1120852 0.0950874 0.0989507 0.3918915 0.3951665 0.4817092 0.4504717 0.4663557 0.3877932 0.4925453 0.4262152 3.2662573 4.8168225 
Schultz_GVMAG_S_3300010368_67_000000000002_5      0.9503772 0.8145871 0.7179289 0.3338512 0.1059406 0.1059406 0.1120852 0.0000000 0.0697158 0.0827309 0.4306127 0.4302815 0.5356999 0.5142528 0.5433306 0.4361045 0.4903840 0.4314383 3.0841116 4.7513972 
Schultz_GVMAG_M_3300024261_25_000000000007_10     0.9242698 0.7736934 0.7099322 0.3067322 0.0950697 0.0950697 0.0950874 0.0697158 0.0000000 0.0311004 0.3988080 0.4105159 0.5026141 0.4534797 0.4843977 0.3923262 0.4758034 0.4171779 3.0310716 4.8804128 
Schultz_GVMAG_S_ERX556045_64_000000000021_1       0.9431902 0.7816612 0.7092669 0.3065856 0.1050421 0.1050421 0.0989507 0.0827309 0.0311004 0.0000000 0.4261472 0.4302080 0.5231044 0.4668405 0.4856183 0.4039469 0.4948245 0.4103556 3.0521683 4.8838233 
Schultz_GVMAG_M_3300023184_120_000000000001_70    0.9851520 0.8661407 0.6587441 0.4829546 0.4000140 0.4000140 0.3918915 0.4306127 0.3988080 0.4261472 0.0000000 0.1301515 0.4066243 0.3474777 0.3920603 0.4274227 0.4747189 0.3930208 3.5491520 5.0755140 
Schultz_GVMAG_M_3300027707_43_000000000013_6      0.9732745 0.8279726 0.6605228 0.4743168 0.4033417 0.4033417 0.3951665 0.4302815 0.4105159 0.4302080 0.1301515 0.0000000 0.4150068 0.3737364 0.4198439 0.4338732 0.4930432 0.4155121 3.7426704 5.1460871 
Schultz_GVMAG_S_3300010368_72_000000000027_5      0.9774359 0.8357597 0.7645923 0.5370553 0.4905163 0.4905163 0.4817092 0.5356999 0.5026141 0.5231044 0.4066243 0.4150068 0.0000000 0.3166354 0.3410602 0.4844755 0.5611443 0.5200838 3.4261536 4.9472648 
Schultz_GVMAG_M_3300020187_94_000000000001_30     0.9637623 0.7931752 0.7566708 0.5035533 0.4590288 0.4590288 0.4504717 0.5142528 0.4534797 0.4668405 0.3474777 0.3737364 0.3166354 0.0000000 0.0998194 0.4474426 0.5515704 0.4762625 3.2296462 4.8813979 
Schultz_GVMAG_M_3300009441_23_000000000015_4      1.0149203 0.7986951 0.8198120 0.5161113 0.4750207 0.4750207 0.4663557 0.5433306 0.4843977 0.4856183 0.3920603 0.4198439 0.3410602 0.0998194 0.0000000 0.4468251 0.5436801 0.4751283 3.1049781 4.8374828 
Schultz_GVMAG_M_3300020185_80_000000000001_15     0.9981278 0.8081454 0.6885932 0.4738737 0.3877499 0.3877499 0.3877932 0.4361045 0.3923262 0.4039469 0.4274227 0.4338732 0.4844755 0.4474426 0.4468251 0.0000000 0.4211766 0.3763466 3.5572435 5.0519380 
Schultz_GVMAG_M_3300021375_17_000000000003_61     0.9872731 0.8576487 0.7797974 0.5409531 0.5014280 0.5014280 0.4925453 0.4903840 0.4758034 0.4948245 0.4747189 0.4930432 0.5611443 0.5515704 0.5436801 0.4211766 0.0000000 0.3605343 3.4756014 5.0057345 
Schultz_GVMAG_M_3300003404_4_000000000011_3       0.9094949 0.7859646 0.6705532 0.4447361 0.4344934 0.4344934 0.4262152 0.4314383 0.4171779 0.4103556 0.3930208 0.4155121 0.5200838 0.4762625 0.4751283 0.3763466 0.3605343 0.0000000 3.3518273 5.1854438 
Hokovirus_KY684103_000000000001_211               3.1925623 3.3698668 3.1199550 3.1913279 3.2601870 3.2601870 3.2662573 3.0841116 3.0310716 3.0521683 3.5491520 3.7426704 3.4261536 3.2296462 3.1049781 3.5572435 3.4756014 3.3518273 0.0000000 5.1419715 
Schultz_GVMAG_M_3300010334_45_000000000018_18     5.6502245 5.5213705 5.5592132 4.8393939 4.8249558 4.8249558 4.8168225 4.7513972 4.8804128 4.8838233 5.0755140 5.1460871 4.9472648 4.8813979 4.8374828 5.0519380 5.0057345 5.1854438 5.1419715 0.0000000 
